9619120
22725836
27776366
19283724
17963429
20642555
27670974
25532954
508556
34092198
35402752
33897893
33378196
33434916
36043771
33944662
31748224
36299167
32633857
33514009
33919582
30909366
28801675
34997607
34996326
27776366
29414892
23589122
35168384
29878843
27862930
27288758
29779481
24657329
29032766
33578817
19703367
27670974
21333639
16414224
22736065
36290641
33682565
24690772
31340396
21139236
27981349
36208657
31539794
16360935
36341917
29652199
30668388
35667195
23208983
24786847
12130727
34180761
21811923
32370771
34176823
24575896
34125278
23973509
28459658
33363626
30181518
29498663
35883026
31711793
27821437
29133241
18417181
30362574
6800071
25645812
18611395
28947984
21796656
26730517
29502118
26593909
33921897
18480186
24992195
30528673
33793797
32926628
31047869
21802927
27052193
30105488
22725836
16808005
26160506
29227934
27457692
31731718
31033966
31213294
26036652
22902327
30240490
30029912
34098743
28396565
27448228
23707768
22864626
24014108
26548081
28687052
20736323
27111639
27889497
18332082
28123572
23911889
28971602
12110320
29455730
17487234
27182646
8511777
20492299
31201588
23156991
23623790
29683271
26297981
1889377
22822540
22927137
30391161
3917507
24432371
15724447
33174133
20118549
12164868
24820273
19653312
8890298
26031900
8561796
30475855
29423050
20460777
30575945
3080587
21883938
10968285
15183854
28117414
23771746
23537660
9421252
17408604
26439699
6799642
8872360
22878261
24688365
18619980
21562741
27018328
28772002
36658705
18568022
24707867
8634279
25505573
21842308
24398010
24905252
8347144
26142526
26598901
16436284
21787607
10837555
25053555
24705672
8571358
25835611
36493999
26232071
32334067
12806184
20525733
29879347
31654381
16222444
32262777
3564048
30739353
7771106
12473382
28584158
7571719
33280383
9879661
20381363
20642555
9616184
11882914
17156774
31624335
18317798
27671914
34763313
19903834
23750076
18477507
23909733
27882569
26335572
1981722
31321577
818382
16243320
15010263
8206433
10930696
26099455
20017731
6425870
25907981
31366578
6438924
30009814
6816562
17880178
28739698
20085307
24122170
21680766
18509672
28736128
18848780
20926620
18524600
26223128
25174113
7794964
30121230
16696571
12686496
20055162
17204498
18334493
32929340
19523722
22073884
20576527
17266134
11999755
7574722
15588619
15377639
2120856
6426176
6422936