31172083
25923145
24992614
23343733
22759711
30758919
23401474
19842940
19251923
18227365
17521300
17397249
12871405
12776809
11406743
10445384
9807979
8999435
1618257
6121161
7191309
33839411
33753217
33288697
33007396
32991865
32729134
32664320
32662751
32630278
32530447
32496054
32325260
32290281
32272686
32228310
32222035
32060993
31963614
31882454
31786635
31755290
31704838
31669719
31669387
31647972
31540101
31504241
31480528
31470883
31467905
31443962
31404943
31375472
31356956
31323368
31288127
31271961
31239454
31163215
31140865
31133659
31071628
30865484
30758919
30730576
30706508
30689998
30659321
30638282
30590317
30544127
30540489
30468569
30459425
30422622
30352150
30345528
30274153
30272491
30172202
30154104
30108138
30048196
29945292
29889332
29721568
29719052
29693578
29665526
29652224
29542427
29502118
29435821
29426822
29382051
29363498
29358130
29353070
29342418
29087786
29082813
29074051
29073181
29032032
29031061
28966261
28951078
28867490
28856944
28803882
28782465
28778465
28689458
28671709
28590129
28552723
28468305
28396528
28339191
28314281
28109950
27974382
27874100
27830552
27815364
27779894
27735854
27664690
27586050
27443528
27399660
27347731
27312536
27258084
27241692
27185570
27152350
27141849
27137136
27128896
27109742
27063220
26982502
26956662
26932161
26883089
26851241
26829614
26812610
26750984
26669427
26516155
26423872
26319176
26293804
26256777
26222195
26135671
26107513
26068522
26053739
26051112
26007223
25978436
25857233
25858611
25854527
25850285
25833196
25837780
25660335
25635877
25560189
25549870
25547627
25536877
25446855
25455450
25458499
25343290
25225718
25177847
25111188
25062738
25004912
25002745
24975826
24978953
24974115
24942396
24924949
24907976
24830396
24786236
24730468
24680951
24636064
24571610
24568163
24527722
24475091
24445070
24392691
24384226
24337438
24329499
24252806
24222221
24199578
24135298
24122170
24095010
24076259
24014106
23954511
23919835
23903410
23885956
23844611
23828908
23702815
23675993
23582453
23475667
23448290
23438824
23434495
23432429
23401474
23395694
23387302
23376975
23343733
23287855
23220116
23221528
23178275
23138378
23112005
23072958
23009931
22934566
22936314
22888116
22827114
22799025
22706231
22696418
22686307
22666439
22506265
22497566
22471730
22465937
22451700
22443586
22415933
22382327
22372747
22360559
22342542
22315333
22259019
22209625
22149257
22143929
22133672
21964418
21945183
21915887
21849623
21732699
21692650
21657833
21593771
21488686
21464173
21459083
21418183
21395287
21366347
21353389
21284934
21189332
21182487
21139236
21068193
21058395
20964364
20929430
20885377
20868728
20814160
20727621
20628935
20462345
20402563
20376629
20205664
20139165
20100815
20045984
20020283
19958094
19919601
19888597
19858067
19845430
19754914
19745566
19589367
19576208
19578179
19571434
19507004
19488724
19438707
19397481
19299527
19251817
19202543
19168709
19135721
19132230
19090569
18985859
18979093
18840518
18776969
18698879
18667618
18653744
18602884
18556422
18495666
18456404
18385293
18371303
18356188
18278162
18218839
18206979
18064444
18053325
18052937
18021343
17970723
17907788
17883958
17720863
17715394
17691916
17684094
17672516
17635701
17620343
17611042
17582584
17571167
17565714
17542018
17521300
17467247
17407329
17314320
17295182
17279585
17275817
17251390
17237153
17220563
17178767
17178771
17137735
17067159
17035599
16971342
16946554
16945988
16941956
16927538
16914511
16908150
16904803
16882766
16867169
16859388
16739070
16730656
16711396
16649998
16611850
16604230
16601787
16597364
16490810
16430028
16428030
16411663
16378601
16364922
16341694
16270629
16250655
16215230
16207711
16190863
16135359
16135656
16124035
16109996
16080004
16035375
15961979
15958517
15901753
15900015
15890377
15885658
15861043
15778702
15778010
15769884
15742976
15715982
15696928
15690760
15665333
15634016
15626586
15615528
15592323
15579482
15576237
15499170
15498516
15386357
15377158
15358790
15333516
15310247
15205384
15155554
15155557
15135306
15130782
15121764
15117964
15072549
15047194
14993813
14757175
14742145
14742142
14738594
14709907
14691574
14689466
14565771
12936703
12924926
12919726
12867277
12867494
12849728
12844136
12818727
12756210
12745870
12746108
12732562
12700282
12695357
12646172
12642475
12634980
12629583
12593759
12584152
12502361
12485952
12433797
12406643
12386133
12383041
12325023
12185557
12183659
12162851
12134949
12134948
12071336
12065433
12051676
12042667
12033517
12023523
11978200
11911841
11901092
11868802
11854151
11779172
11774365
11737866
11736863
11697031
11695850
11673862
11602509
11585060
11556126
11547423
11523064
11513592
11504148
11502732
11454729
11408364
11376561
11355862
11353744
11353760
11344532
11315104
11302937
11216669
11181487
11181500
11159812
11159803
11131030
11124225
11106261
11102743
11095583
11095593
11042091
11038146
11016631
10923861
10895987
10890030
10877007
10875683
10871056
10805063
10659953
10647906
10628907
10620357
10616189
10611136
10604876
10562412
10510277
10502501
10493259
10488716
10469623
10445384
10429839
10413191
10409393
10383922
10376770
10350185
10233205
10219964
10215637
10207119
10027632
9929511
9929510
9918546
9893960
9892192
9831966
9820175
9806947
9755457
9695717
9682269
9565737
9492382
9512924
9443844
9443853
9454781
9454825
9394031
9390105
9364740
9364930
9355936
9352574
9353388
9328175
9321515
9316878
9316851
9276639
9296366
9264313
9185616
9178939
9152602
9143352
9152599
9103523
9103535
9106248
9105404
9476043
9010637
9195021
8956327
8937855
8863822
8798464
8886611
8806763
8886607
8824531
8886603
8663198
8819299
8781780
8723730
8627557
8627511
8866821
8613937
8573198
8845864
8739824
8737764
9010587
9010596
7585636
8591724
8591727
8590980
7574722
8654205
7587956
7483659
7587930
7742153
7773543
7720526
7581481
7756103
7945454
7945434
7835232
7839702
8043020
8043023
8200083
7918079
8132700
8267647
8250953
8373178
8220911
8330360
8461033
8097772
8452565
8255142
8352885
1381906
1423839
1551116
1576054
1740010
1371482
1944238
1913651
1898086
1889415
1888331
1765318
2268369
2117502
2334398
2322567
2726448
2905759
3190735
3395513
3756062
3978021
7428801
522518
631722
837635
19299851
18201587
17907547
16117985
12757697
12638482
11444587
11315759
11313000
11273517
8536426
8372087
1832815
6812734
7121898
7122922
441785
34794239
34719555
34502165
34402661
34334558
34325588
34196520
34176447
33921786
33703988
33655414
32816867
32788161
32719085
32386503
32324332
9582001
19446676
3169889
18095427
19462929
19837157
1181070
6381265
12678685
14633804
6119816
8015567
16634838
2327068
2721094
17134518
4039178
19571155
19233576
6808388
17924872
19159947
20650180
7823297
6421682
6815037
3749341
