11310527
9175175
31589037
28679380
26335391
31084937
24966255
22474806
23624139
18812751
31535851
30322408
30226032
27667025
26969417
26365335
25988261
24472704
24444280
23151341
22114872
17703139
17319111
16432273
16162626
15606445
15581264
15525445
14764441
12944028
12902916
12851279
12709721
12623212
12451326
12434720
12399273
12356283
12116891
11882828
11845867
11824856
11488773
11151743
10991932
10555898
10424324
10361807
10336578
10234600
9920455
9489597
9430449
26335391
7781462
7660155
7715468
7530473
7826820
12959295
8400098
1915111
2975995
6308702
10720790
11370345
5814423
11297864
26600643
3352284
7480183
24022709
27639708
7254294
27406028
23411266
13808147
23429594
28283164
20020282
19809809
28947828
28750220
27822173
14669264
20219717
18930518
167146
15350674
26436069
26887316
26887316
27496582
11868855
26778682
28259652
10902065
15738612
25057273
25339548
20979021
26104039
16472574
20600755
22178172
24224030
7649611
11532065
25636873
24868532
19857068
18219452
3286242
28138310
28138310
12256225
19353539
28543097
28543097
27110551
15284693
25229863
10506006
22021992
26835874
23512705
24438170
9574894
27498339
10527654
16298092
9087156
8327543
27939889
27756958
26098483
11693199
26791805
17333802
6703649
2871558
26358163
26600920
14496025
10475807
2194788
28199188
18554847
21312304
26516311
12672166
18928139
6696779
11744301
18338783
15980869
22803695
9268042
17392143
11297850
12889128