14742762
12958776
11206893
10994537
16484565
15974642
12235448
34724652
33450678
32719085
31940976
31092429
27725449
27517516
26423732
26264202
25705905
25430798
24788927
24392691
24387348
23674609
23394826
23272117
22855269
22668601
22610793
22588833
22292789
22257149
22024968
21919844
21838705
21632963
21459083
21388437
21256950
21138349
21104925
20933082
20930421
20666626
20610890
20345351
20226993
20140680
20091745
19815591
19719333
19336907
19174505
19170155
18570158
18516070
17691916
17520814
16983620
16899612
16877262
16823096
16484569
16484557
16302488
15974642
15898829
15649425
15266218
15203378
15197212
14729595
14672753
12891227
12635815
12378978
12235448
12160480
12125178
12127912
11810949
11764996
11740713
11530830
11466175
11408364
11358376
11355006
11238818
10383929
8611641
