34408471
34128617
33659129
32362193
32109544
26017199
24661191
23687230
19656076
15449760
14742796
14742762
11206893
10573315
2382161
33900931
33771716
33256506
30694595
28503781
27138546
27119576
26375604
26365335
26349548
25801058
25652672
25510856
24916546
24472401
24343001
24142869
24051464
23807564
22122818
21782923
20573086
19001559
18809731
17723077
17050802
16187976
15785960
9175175
34252480
34137233
34051661
34044055
34044255
34038714
33961833
33962209
33938746
33799251
33774063
33771716
33750337
33689883
33515349
33515198
33441025
33421904
33397917
33314614
33291076
33290829
33283643
33279521
33276082
33256506
33232302
33132117
33103940
33075645
32971911
32964961
32959645
32930952
32892949
32860739
32795674
32770454
32763815
32744023
32729134
32723473
32717096
32683036
32649832
32631522
32622245
32579962
32563267
32559300
32554179
32505840
32456829
32454225
32453653
32446839
32436276
32400862
32306729
32298152
32285742
32266794
32238050
32235864
32157214
32114881
32113776
32103380
32101438
32033628
32024842
32007917
31990587
31974627
31932578
31927919
31912555
31889589
31884095
31877350
31874198
31874110
31866410
31841197
31828746
31829112
31819426
31812603
31796725
31774615
31767633
31767412
31761194
31754387
31753097
31694672
31694915
31691077
31602911
31571251
31508613
31494931
31483138
31453781
31445436
31434716
31437515
31427400
31409796
31410201
31403357
31401678
31399700
31393124
31393490
31340912
31313321
31305140
31270142
31254004
31254495
31238045
31214276
31215501
31206801
31204282
31203697
31202598
31199573
31189722
31180267
31164625
31166004
31160284
31154006
31148055
31115493
31101842
31085592
31090246
31067471
31062367
31060033
31053148
31037729
31028820
31016613
30975171
30977678
30952710
30934018
30929796
30918014
30916611
30871064
30867247
30850242
30832689
30802639
30760873
30763634
30712844
30710584
30706544
30694595
30668314
30610857
30604633
30594602
30587968
30536571
30476735
30465787
30445863
30422622
30415267
30378329
30373678
30339007
30338730
30296684
30294927
30291323
30288887
30278432
30233175
30229906
30223932
30222190
30203651
30187510
30114619
30102687
30099341
30071532
30066343
30066882
30052060
29976085
29967111
29956460
29946188
29925761
29920713
29908072
29902837
29880681
29847635
29787963
29762857
29748145
29747752
29733583
29706079
29700317
29693142
29689254
29653894
29555962
29549738
29533670
29512777
29500354
29491154
29487175
29484417
29471107
29464796
29462868
29455730
29453492
29436624
29433675
29416015
29415757
29421658
29414713
29381954
29374854
29357726
29321495
29298900
29274627
29260899
29238700
29235464
29218600
29203863
29198608
29183814
29181822
29155014
29152741
29147652
29129847
29070105
29065102
29037126
29045950
28986273
28944847
28926871
28893642
28852106
28842313
28817605
28792088
28791405
28791369
28782465
28739734
28706245
28700713
28668488
28653788
28653752
28648122
28637791
28629535
28623927
28617850
28597291
28592122
28569417
28566692
28552915
28540728
28539279
28503781
28503853
28487935
28487144
28476804
28462838
28445053
28421306
28419191
28418861
28411377
28402883
28393563
28385602
28382174
28378944
28356018
28349071
28350522
28336091
28298362
28292196
28274629
28272473
28259905
28246425
28188785
28138972
28117339
28096396
28062543
28054918
28051355
28042875
28043879
28011475
28005078
27999191
28000546
27913846
27895313
27878277
27867186
27865090
27861892
27856334
27839686
27840903
27840893
27836942
27834933
27832172
27816548
27296897
29908112
27041582
27780143
27682214
27633141
27768596
27769067
27756181
27571928
27750197
27709945
27706681
27693813
27656831
27646472
27629937
27609465
27602760
27595783
27588910
27576898
27570489
27562341
27556188
27557470
27507206
27503646
27497146
27497175
27485257
27481062
27448983
27455553
27431275
27428326
27433090
27393480
27387397
27381955
27377954
27377933
27358406
28905577
27329839
27324234
27322290
27304056
27270317
27245421
29879347
27174018
27138546
27129170
27105957
27080178
27082231
27049263
27038498
27023460
26977012
26970404
26961818
26956539
26951202
26939769
26910912
26898231
26882121
26855150
26785758
26782648
26771154
26729618
26720470
26706816
26644266
26626639
26621031
26608671
26608080
26592516
26584636
26583330
26565375
26554512
26552145
26529585
26512042
26450928
26434591
26429409
26407856
26394652
26327240
26302866
26289846
26291462
26261285
26257076
26234133
26233798
26228697
26218928
26212361
26203187
26183576
26176916
26160718
26153443
26134304
26133709
26081100
26076081
26070839
26053510
26043974
26024438
26018263
25995318
25995169
25993541
25985195
25976179
25968898
25927922
25915534
25905990
25890690
25893199
25884245
25867020
25850339
25825526
25820653
25799586
25799988
25771868
25770012
25760446
25755717
25733806
25710938
25686400
25660146
25649767
25641604
25577873
25578782
25559342
25557764
25550113
25546515
25512910
25499970
25496323
25510856
25500267
25496264
25467970
25451576
25421218
25404385
25386648
25355491
25354529
25340513
25330343
25326153
25297453
25251219
25230779
25219605
25185500
25147816
25134663
25130172
25081683
25060425
25047514
25045844
25024403
24913727
24855835
24855828
24841650
24837364
24831064
24828042
24828112
24817647
24801417
24799337
24778366
24752576
24736980
24726433
24684199
24685584
24675235
24642259
24640604
24631340
24613836
24615047
24588554
24582926
24568559
24550392
24530383
24532440
24481648
24465898
24462822
24452863
24433351
24382184
24372004
24299297
24273886
24272336
24273240
24262988
24246570
24171478
24157451
24142869
24122011
24115227
24097828
24092055
24071446
24050887
24036064
24012959
23981149
23979916
23962082
23924821
23916755
23899247
23865761
23851185
23843424
23840757
23839941
23831208
23810756
23808489
23807564
23800944
23800161
23770984
23760062
23742976
23738729
23734685
23702848
23687971
23646886
23634821
23600958
23596170
23583485
23555822
23524196
23515048
23509226
23500542
23499293
23503447
23495084
23490018
23471229
23469684
24782365
23439932
23409721
23402975
23392116
23393594
23386290
23382090
23370448
23346764
23322474
23317227
23318708
23311609
23292115
23260670
23255603
23246108
23188068
23183443
23179471
23167387
23129054
23126373
23084589
23079743
23055042
23016637
23001793
22971613
22962303
22919732
22907060
22900779
22871965
22830437
22819207
22812001
22786446
22771012
22764579
22752253
22736306
22736593
22676378
22675558
22674380
22664907
22613642
22609836
22614107
22591483
22585284
22584255
22578167
22554354
22541650
22531027
22503545
22475333
22445976
22440896
22411728
22394376
22384274
22366341
22367622
22352391
22348955
22328583
22292789
22278092
22276743
22242449
22233416
22178124
22174178
22154511
22155000
22131169
22108237
22071170
22056557
22023319
22005457
22006742
22000496
21945184
21936894
21920672
21919844
21911059
21876140
21852896
21775093
21757611
21744086
21725609
21708929
21704641
21677263
21671876
21665957
21665049
21650221
21630164
21602277
21569619
21552528
21550385
21544077
21505784
21466844
21460625
21436775
21385154
21351437
21336515
21331500
21324686
21319959
21319366
21304270
21295889
21288052
21277876
21215257
21216949
21185840
21186402
21184150
21146880
21139236
21105783
20964620
20961756
20957096
20951188
20945045
20942780
20939821
20926382
20923838
20876208
20854191
20848147
20837661
20816931
20821829
20735426
20732958
20724170
20696137
20675829
20669930
20660597
20600887
20587420
20573086
20565457
20556576
20493695
20452342
20414861
20406160
20392994
20380878
20382756
20363635
20206139
20195825
20152792
20151638
20137092
20012916
19959479
19955484
19931869
19923167
19923256
19802720
19788939
19787701
19756559
19734910
19593379
19448409
19445902
19442720
19429679
19427995
19417157
19401473
19348766
19280523
19247716
19236548
19236757
19176055
19174505
19164326
19150344
19148526
19141373
19142106
19126675
20224220
19104661
19095720
19091131
19088066
19084616
19068080
19066872
19059384
19051210
19035854
19016402
19001559
18954533
18941142
18829501
18826101
18810246
18809731
18802022
18801030
18793329
18754390
18701048
18687688
18678877
18667310
18649177
18628990
18516070
18511518
18499462
18497090
18485464
18460034
18451504
18420579
18414844
18385062
18385293
18377724
18309947
18242899
18178182
18057712
18048350
18031823
18006838
18006847
18004755
17996297
17959713
17903587
17898367
17878353
17879294
17727999
17715404
17664043
17640301
17638876
17535743
17467247
17465192
17456354
17428891
17369308
17335117
17314320
17276403
17176640
17114299
17085523
17064664
17063398
17061147
17054913
17031385
16825673
16806717
16670775
16636202
16552951
16528290
16441284
16421475
16401082
16374464
16364290
16297187
16286476
16200782
16117860
16094537
16078848
16024787
15937550
15930289
15914778
15899884
15898829
15890099
15867368
15831774
15801937
15744076
15720144
15649425
15631991
15593387
15588728
15568891
15548529
15492001
15481991
15468328
15354419
15270556
15213310
15193955
15166124
15133864
14746680
14703445
14662797
14640551
14647451
12947122
12933803
12917334
12876281
12787936
12738754
12730347
12651923
12635815
12600087
12525889
12466043
12456487
12390886
12349911
12205184
12012142
11929325
11891572
11755532
11773060
11710716
11694514
11453896
11414754
11328646
11278888
11278532
11043580
10860929
10810357
10788432
10728417
10511919
10089932
10051594
9852230
9843783
9799609
9741070
9696688
9417057
9399958
10072936
9113509
9120601
8903326
8855223
8646775
7794760
8211164
16041645
7510659
11791883
17968673
10762730
18389491
18692598
17923400
17637489
17210214
18680783
14980006
17950516
20123012
18813412
11710709
18097501
17214049
7485935
1765212
15772458
9683348
15707757
17706909
10607493
10607493
11221868
2205121
15050426
15802416
19117330
16389016
12230009
17621727
16194058
17444576
12411409
2370094
7402279
19833188
12651648
1330955
18571884
19371770
18272271
10793599
12588480
1988321
3467378
12809364
19175367
15311968
10801908
16187193
15613983
16157513
14534370
3537898
3277342
7791032
11876024
19061005
16797061
12391562
19818348
3570866
2683568
15633808
14572883
18577375
17706603
15453957
8933126
19531649
14583914
19051331
15280001
15996695
19233241
12508133
12499084
8640756
12233808
16081047
17454143
17976968
11553371
10178636
16709450
21631828
10025876
18058799
12576305
20420113
8165628
14666666
16317658
18182172
15571611
15630214
19090210
7646942
10442508
15156419
6121968
2214812
3905367
3304616
16508142
7035917
6361533
20002065
19413656
19570992
17725149
19638085
18710644
15934015
16521108
14693173
16807883
20046719
19250006
19216660
18683823
9719454
18814211
12834002
15750374
8317647
20842754
17957907
14634571
1588934
18096028
19303040
20232616
12363378
19877681
9815340
17353250
20149584
7862743
9720611
16023187
10568192
17175086
18030663
17295419
18706468
1769715
15051552
8582746
14649969
6440548
3103137
2710801
1494322
2062873
6335723
19919519
9137420
17163253
12468270
11437391
17666868
17291534
18173849
18295202
3217263
2411778
8119760
11482162
9659029
11275030
11091007
11137381
16580033
14609531
12230907
12412711
11099876
14712970
11538042
18403946
19003157
3193792
2615441
2337957
18534325
15588672
16883626
18708382
19005687
17010224
11077185
17880155
8035653
13680820
16513292
14565823
15280001
18449496
17683926
19379761
12148698
15630272
15339040
33493392
35063734
34988655
34884615
34856955
34823432
34781138
34774698
34752845
34725462
34707002
34643248
34598017
34581204
34515325
34494535
34465340
34385181
34361705
34323956
34278744
34233013
34225744
34192355
34169526
34131222
34031441
34019943
33958701
33932511
33894005
33858575
33857420
33812930
33779967
33767225
33752269
33682795
33674442
33663010
33610916
33596409
33508427
33506323
33455085
33445054
33432425
33420548
33355210
33333023
33307820
33316842
33166666
33023375
33016221
32980687
32738450
32723846
32719085
32581257
32571971
32555444
32203132