34329714
32645647
35703551
31325787
36265676
34182907
34010745
32786546
32779484
32719085
32435840
32144952
31721714
31452210
31453781
31327236
31325605
30541279
30502764
30445863
30054600
28993980
28416372
28177134
26706698
26434836
26223121
25705905
25456428
24492725
24392691
24387348
24228138
24225402
24114901
23865865
23674609
23477707
23339036
22855269
22588833
22394605
22292790
22292789
22257149
22139684
21919844
21632963
21422673
21385154
21184395
21170698
21139040
21084040
21059362
21049395
20939821
20797388
20186406
20179667
19889883
19719333
19694739
19487249
19401473
19371257
19280523
18954552
18331390
18329806
18204840
19356072
18066130
17910620
17611934
17214607
16922812
16877262
16842996
16497339
16415120
16400219
16289744
16226778
15992226
15969930
15901353
15801937
15608563
15508430
15285849
15212966
15197212
15147983
15133536
14624188
13130383
12905864
12628485
12127912
11062691
10481350
28105513
22802250
22189672
19299322
18420532
18205997
17050802
17050793
16707409
16432273
16428919
15974642
12845387
12235448
12083489
11199954
28144968
22821965
22323244
19451798
17908535
16419414
14742762
13679551
12818420
12813312
11953006
11876586
11206893
10994537
10836866
10531760
11140327