29579096
29891588
20218935
26990021
29106036
21826053
22565299
31671245
32987920
29806860
29879346
27932556
14551183
26417265
31382342
30944202
31629051
31368836
31671426
31111379
29505790
31351968
31013627
33174626
27324234
32926925
26543354
30977450
30472912
30790325
32109457
30655545
30606998
22257149
31662463
30558158
30428337
17079360
15039293
32081663
29163755
17495878
17666818
31895879
32591416
28893642
29589530
25359200
14570772
33061977
29351921
30882133
18214849
21458442
30226834
32389634
32717192
28700974
25430796
30368581
27327872
2163278
29121795
30168114
30442987
28783583
28633475
31617070
31624335
29065218
31789425
25171176
29676131
28656004
26068524
31878261
25623616
23518403
28763460
28257954
29703381
12434406
21412693
29988733
22796454
21157683
19370549
24492724
21269266
29143794
21342663
25072399
29457517
22855269
29343943
7605866
20623609
25041515
12530470
27054913
17611934
20939821
26932407
26400396
20036710
29565467
26838742
17978486
28298174
30093307
26261285
24060867
21079763
27796611
23886934
22224048
29323165
28363126
28500623
25456436
28283780
30086269
22548337
21545824
29228954
16983620
29350661
29138046
22114028
12620361
24667776
27601272
28298333
25612454
16530230
26403084
22342832
24528081
29191058
32957491
28656087
29806105
18066144
25192195
15900287
18951337
29971002
29427595
25953522
26177349
21320518
22344858
23372711
24333987
32095824
30422397
32325761
29879347
25411028
24246570
26774040
29654898
26134304
23672049
28154180
17292731
27067643
23524574
27066387
21061468
9435674
27457692
22193446
24184483
24588674
28775788
21802525
25261036
6269439
29158264
19782362
21319959
22900779
21920422
28317281
26446867
21678521
21073932
10096776
29238700
30108655
19110420
17704354
24741189
27070564
17213652
24704252
23133498
23924821
25640685
19653312
24786236
27490210
15334682
16961724
15210579
20498327
17658211
19080170
22668974
12842327
27709945
12524452
18434730
28836036
20506155
14757125
11741516
11877800
11321580
19788498
25017321
26352530
21315125
12177126
19767038
28038998
20641061
18729007
21637946
20604832
11704644
19660925
21661731
12809364
20152792
26281596
21908684
25285405
16541194
19567876
22517372
21483731
8982702
25892872
27311637
24583342
21094631
18177475
23280813
16424781
14653942
19168636
21870106
15806115
14746925
21980456
21569619
12532460
21419197
28502629
25395088
23001793
16133554
23299247
24177287
21351569
16934942
22188769
28861978
16203150
27713083
26634613
17250743
14695443
18285556
33347343
24014108
25976224
29679725
15169625
415839
18157518
17024849
12732624
25402492
18599498
9681018
17418998
12234835
25145883
27779107
23497885
24025684
9413244
24456672
24316226
9651117
28925721
21425377
20552446
26593426
19403195
23999088
11324452
22588833
28956622
11786666
24066602
1666562
18575902
23079743
23335996
20884991
18204477
17506935
11895082
28656088
25053555
22555370
27217747
23290487
24105360
15356201
26032585
21186373
10724180
8027780
10969720
10507765
16306794
23664937
21319371
32748032
17588330
12652101
15066206
34044929
15588728
18644201
21624442
7902181
9251899
17762395
22086980
21787170
20804776
21755496
16499024
16046213
17328250
22303716
2348481
12064912
8237399
27239758
22512037
11698526
1711569
15849302
10696087
18277615
15071923
11270990
10806810
10743138
10322908
22426698
26027164
7516608
23009931
19419877
9269949
19283771
33652886
12533487
17560751
2169659
25470292
21524698
11978192
26215416
20108175
17631668
2972098
11953130
21761735
12952418
24963621
27910870
26677714
17703779
20410605
17590462
7985516
18053337
9812715
2166769
1456049
12183269
22924000
8737443
11498866
12100754
25481375
19570618
9988103
12749897
25362106
2160393
11327013
8728473
10677479
9425319
12567772
11951120
12610223
12782200
2892299
10627611
9812742
1306830
8586394
31721320
32586251
33340158
34552326
34269665
34620272
34699754
34056218
32808837
34252480
34515131
34386321
34556670
34771389
34192596
34139914