31231823
23399607
19204629
19206053
17468864
16686323
16122154
12698101
12949438
11426073
9053620
33033962
29411268
26407124
25253884
23677858
22943633
17223855
17301733
16995870
16685052
16620293
16321619
15657782
15592332
15536460
15371986
15329598
12891222
12811362
12621384
11678783
11673746
11103749
11079273
10669910
10546917
10456490
10445384
10702889
9174684
9002010
8689808
7586927
7715468
8275614
12959295
8513655
1914375
1671113
35110472
34729703
34620272
34608881
34570813
34432364
34019943
33952821
33733472
33387374
33348239
33033962
32940733
32851583
32719085
32713008
32664320
32660818
32530447
32139488
31941150
31920193
31306750
31206401
31123035
31051051
30979536
30864454
30572203
30298208
30278432
30218442
30112986
29721568
29703387
29248449
29140707
28975417
28971609
28966261
28749005
28414144
28359180
28322941
28032362
27904048
27890698
27709656
27503364
27444380
27294349
27278683
27196064
27173987
26869410
26467069
26213156
26095990
25818985
25720525
25557052
25486333
25470100
25418056
25365914
25265455
25253884
25223231
25207548
25026202
25008344
24898424
24334957
24303901
24292052
24067745
24003188
24003187
23918667
23878024
23696038
23677858
23673492
23550055
23550054
23373097
23297175
23282066
23250807
23184849
23146034
23132664
23126367
23033114
22943633
22940371
22892338
22884524
22850760
22803802
22566187
22394605
22382318
22342630
22348413
22286159
22155270
22124880
22039822
21953762
21853290
21812328
21804213
21692829
21682192
21593283
21553459
21500482
21446776
21346758
21254874
21235125
21189136
21142260
21139236
21084040
21039758
20974993
20717876
20664534
20512335
20503933
20463004
20406214
20187577
20160155
19789373
19779132
19728747
19479982
19445995
19433977
19357792
19224379
19206053
19204629
19172438
19053852
19048359
18762178
18703023
18666368
18663908
18563955
18451520
18445987
18433343
18382075
18400708
18380401
18363644
18292673
18172627
18084364
17995595
17971226
17918187
17766652
17691921
17542018
17438537
17400460
17322140
17301733
17269895
17253883
17223855
17215845
17112808
17112309
17101740
17064205
16995870
16942732
16842392
16814135
16686323
16685052
16669846
16669845
16604230
16513448
16513449
16507515
16454693
16415112
16416305
16390351
16380358
16338240
16321619
16302488
16299162
16260103
16236039
16198665
16196264
16189799
16175141
16161934
16158798
16119275
16048029
16048354
15964336
15903127
15901751
15767219
15735611
15710766
15684175
15673597
15663291
15657782
15640378
15536460
15531381
15504753
15485894
15449971
15371986
15355126
15329598
15269184
15258108
15229464
15206993
15179411
15155547
15118259
15072439
14981197
14769198
14742207
14718607
14704647
14679360
14672753
14664751
14641551
14558433
14531721
14531725
12953340
12951492
12949438
12921244
12891222
12875231
12822205
12811362
12698101
12636154
12621384
12611197
12610742
12495360
12451428
12426515
12378978
12371301
12362932
12235445
12207630
12167562
12139218
12125178
12130727
12095536
11991343
11978146
11963641
11956673
11897929
11823754
11823753
11816871
11791889
11737987
11719733
11673746
11576693
11572503
11488783
11476124
11477318
11452240
11451028
11426073
11424898
11295678
11294369
11231102
11216183
11204334
11180034
11158415
11103749
11098080
11061578
11009051
10994829
10926350
10907671
10903978
10890261
10877530
10872652
10867385
10860553
10859150
10759694
10741622
10688276
10671908
10668858
10639518
10606837
10594487
10583039
10583025
10579471
10546917
10546925
10546919
10548035
10511919
10503959
10471070
10460065
10456492
10456490
10445384
10365642
10227700
10223776
10220126
10205736
10096255
9871430
9834039
9821810
9784933
9757152
9757148
9723817
9674392
9625273
9585793
9578182
9548795
9565737
9559810
9515185
9496718
9351897
9352575
9260034
9153299
9178939
9476043
8886602
8693526
8689808
8827399
8631189
8737764
8858279
7648762
7677856
7582380
8641324
7698084
8161344
12959294
12959295
8485024
