29703388
29466429
27747873
31721714
32008337
31100973
28531120
31582423
30999008
7483658
11470492
23268924
30660822
31997084
28118673
31405142
30687102
30280673
31685765
29659189
32570121
31029907
32564472
33054444
31694152
32146939
31358798
32085432
30022812
31356857
29421514
29275296
22532034
31948590
27052517
32709749
29368187
28247504
31237721
31613724
27637455
30741544
29570984
25316200
32007822
33184029
31311979
31353905
31558747
31943177
31054310
15072439
32533968
26582321
30983343
28964574
24508477
30183039
31496652
30310905
25985195
29205863
31720444
29480324
30767525
25224344
31400238
19545213
31196040
30066955
26095990
26760769
30286210
28863367
28794411
30993288
31885091
33112139
26576923
30469543
29548810
31877869
27518169
21538851
33063648
31792332
29938468
30513192
28835392
29542427
29781252
30667442
30857437
21278283
29137307
22509899
29061787
29998274
30599898
22429924
30361436
29731448
30381188
30368213
25755758
20561943
26552961
28942440
26907264
25260713
20056894
26426900
21883003
18251087
16995908
21776468
15285844
15832810
28768059
30529552
33005588
23920278
29981789
25789634
20149610
28754329
29191128
17637191
29193528
29467215
20939821
29248449
23038646
17676868
24695276
21924889
23201067
20583320
25559894
15895106
33228183
20473584
17616136
15469417
20471964
28346686
28535976
17164372
21569833
33623845
28190756
21370452
22564432
23698259
16773535
24363139
28868668
17961513
25490984
20653233
27996361
26972494
29157815
29301278
27844057
19539611
21801144
21890837
20450880
19784588
17656102
25757931
23010222
17499810
16733047
32222693
29868672
15319488
23250807
30972279
12237135
25922640
26152236
14643924
19577593
26393568
15036355
15319329
25242081
24656388
20162400
25582180
30466981
28423656
18071271
18570158
23327877
18579105
25774551
19226653
28602600
30477461
24492671
17108060
28740135
14557796
11853888
15807986
25847253
19491656
20798525
19182437
24193141
26344851
25663641
20025854
24384371
28980319
18718123
17364960
25422365
18336807
15383222
18936213
17174345
22759912
25581901
23497868
11358376
24419562
21458546
26046674
26193264
19819682
16762473
24335094
21444681
14647974
22741576
15283302
24492725
19103281
33435008
15499196
21042803
23180627
28115221
8723732
18406205
18606592
23994611
22851007
21818690
19653312
22069634
27306406
17298385
27270317
16216226
22367622
16978655
19172664
20346967
22179525
21343666
25173233
18596869
15629189
19069242
25888278
20191036
21897050
18239857
26460146
22465028
18828601
25418056
23396419
20514403
12842182
12642472
10202396
23554216
17970592
11585049
23967153
26049011
18289092
12542460
22960141
23674609
19719968
17657175
15104253
23062361
22918967
18706964
19174505
19924425
19111536
20471814
17490800
27200496
9105414
15738931
15564676
11792691
27130545
18197554
16129114
16193318
20484151
9734711
23456781
22015496
23831998
11697467
22999765
25326286
12970085
2894963
19452231
24730468
20513373
15464723
18845128
14640574
17077187
24486085
15796208
15729621
25747701
20388359
12841947
10503899
16316927
19632288
21751816
8548865
29122665
24314868
23999162
17658211
22367292
18851785
25927922
14511674
18371987
12970388
15569775
26826723
17511059
29389596
12127645
19353999
22521609
26625122
27782875
12738191
19420696
16620709
33799251
20393003
21632963
11600046
23911347
19170155
12124307
27598258
24392691
17116366
12499265
8017087
16174516
23674377
14558788
21302034
11983278
7955108
18209568
15277314
10216249
25523370
12369894
12970578
23807728
11064004
23116965
21628958
9648229
24225153
24718416
16806954
9605416
21352821
16081670
33543617
27452659
22214982
14600287
15482646
16415120
12920504
21081808
33947307
15769120
15212478
11341376
26514453
23573138
17827674
29415993
18506841
25833196
11087528
22588833
8706244
15451406
23146761
7513796
22969825
20666626
18591783
21698451
20065503
12438004
11448643
2070485
15042683
10754211
11697539
23370448
25586184
12188632
12628514
15723092
11405259
33977918
15822860
10882397
10554885
21434871
18701626
21947138
19502780
17210444
20817945
19863351
7821873
11754570
22371366
15748600
22776719
23375153
12711142
15796199
11325559
21049395
21430251
16141543
12763027
15736408
9725998
12083865
14512804
16177189
24262486
29152741
9522437
16887864
26454589
10521685
15041478
18528854
11482900
10713480
27035618
11454723
15831081
25813735
14679019
12670496
12659723
9508366
22956110
15517342
18404300
10620351
12440157
12168856
21110950
9649602
6683535
33539218
12652656
21787983
15142676
25881741
8132031
18563256
27375779
12470707
20581223
23652835
17015939
16098960
27781257
27487578
27374085
26190180
19822130
31146527
33387731
23252598
29866157
26716507
30059510
16309275
31434006
29491681
25503260
2500594
14714867
23057780
11361036
33727059
23847592
15083319
25680958
27298605
26886573
25875282
19931438
1464398
30807184
26264479
11345695
20108732
19684242
32682376
33071779
28121324
18678988
26417310
26030803
29535022
23885956
26194608
26865001
32458968
21075177
26251571
26686283
28301607
33111622
22818712
25098399
17016511
31874782
25402944
31018035
19815591
12925309
34089819
20218965
11295171
20006278
32067498
33198812
22536197
18534843
12600689
32788520
32937767
33878138
3583469
31935497
18424588
24478309
23261676
28283780
27226184
31201887
18267120
21903878
23399702
17118359
30847932
22078631
29306210
28317281
11453730
29631143
17601828
27658889
16861692
26655814
21138371
21503789
7064495
29341798
31952134
31570303
9103293
31661763
30781538
16846594
21467581
27041871
3624765
1776278
19127721
10964098
32067561
22830928
24973695
27689996
19809179
26602570
12487753
24773045
32409079
23880231
27899097
12675854
29914362
10706384
31197949
18196445
24888389
20451264
24366058
2540621
23106150
29129733
29955703
23117228
12631120
32645157
29223552
23416740
24495080
25093260
26742036
17928735
20513234
30685699
31310779
20416364
29913456
25793001
10670829
29762899
23755172
24722818
23210776
23458739
17707979
32791963
27637002
17725852
21861094
15695592
22830339
34114330
19764067
25957749
16497339
29614315
32166379
23110224
20112301
22634505
14621186
18840426
28707966
17459420
23954402
27993633
30371539
32987671
33450678
26270535
29944861
32114864
29356593
10748719
25410365
32229160
27108052
28422049
30785752
32566398
30262277
18985486
29576702
31906425
33441891
11086901
32407265
33268671
32957726
33116413
32719085
34597896
34303263
32787531
33667331
33989703
34509843
34346218
32746771
34182907
34206850
32480000
33169423
34676878
32713005
34204055
34220500
34798162
32453025
34303263
34607977
23876835
34463173
34959345
35196743
34959764
33517563
34329684
34610498
35146639
35114350
35114443
34449312
20664420
15574782
8284325
19228856
11470725
9494537
16084066
18006026
9447270
16272702
17882140
16176615
19588362
16389263
18716169
21370398
16487645
19394393
20370896
20884815
12552591
9311619
11205489
12960117
11018418
17443132
18019399
10584049
11408354
15741048
11482766
16458187
16855537
10527294
21040626
14600287
12190117
11504910
14519830
17927503
15585768
17906193
16707877
8353840
18614722
21649457
18468736
19176733
12168856
1674554
16387402
16410036
16364532
16618952
18344595
17600357
16427718
10641059
16288056
17686632
10698173
9378841
10995329
19051209
10965518
11513717
11513717
16968850
14652367
7655336
12376503
20828156
19478218
10898615
9281609
9849117
10873562
14572506
12695345
11431333
19074207
12824094
12184788
12850499
17133573
16247510
15563575
15640470
11237198
12519715
10192923
12584176
1667297
21303262
11549554
17227956
9598844
19416635
17891480
11808919
11237939
10964006
15621343
21068474
15857209
11206275
9806157
12851151
18515521
9395271
22254006
11228277
11780763
9356529
18326618
2894963
19719133
16278361
15735368
16988119
14759162
21149622
9568793
11807163
17234229
19472429
11179857
15277285
8187052
15541906
10950844
11334265
