33550992
28590600
28009338
27055597
24978905
24798537
21135003
19238739
17515710
17058767
16686323
15674743
15252829
14988370
12482227
11807658
11728770
11693229
9729831
9103916
7640830
7876795
8362858
3324064
3816542
6308277
463881
762370
878051
32753637
32557601
32285669
31442620
31378969
30625179
30574672
30427584
29926968
29768713
29762875
29569723
29498038
29439084
29178272
28865153
28155129
28044450
27552251
27481881
27273149
27025843
27009433
26991517
26613955
26490357
26366971
26054042
25862215
25833032
25591969
25465228
25028567
25028073
24418159
24186263
24165884
23424215
23401474
23377024
23333143
23184666
22719016
22471362
22422635
22302182
22189672
21870106
21222115
21134017
21082298
20881954
20716633
20451698
20147896
20002088
19606453
18681988
18206744
18197403
18006208
17952423
17955229
17656440
17618427
17555378
17521300
17443132
17392720
17344941
16966563
16934051
16821266
16783563
16758262
16638741
16620293
16569820
16525816
16366757
16291717
16236038
16183781
15974642
15900287
15856409
15667599
15582012
15536458
15179410
15145964
15066665
15060511
15060505
14748815
12940502
12915954
12908854
12783047
12743670
12640212
12451287
12404692
12235448
12087352
11907488
11872654
11753270
11736864
11673747
11592671
11502527
11372588
11369676
11125871
11072419
11037035
10930561
10694138
10584979
10492058
10471985
10235417
10217339
10192755
10190648
10096258
10073324
9832936
9764962
9754987
9659838
9536660
9443626
9357387
9833008
9159560
8959286
8973996
8738764
8738763
8807660
8554942
8786250
7752912
8615554
7888295
7706592
8074059
7951476
8029263
8354027
1319876
1914371
2069371
1881996
2690623
2511802
2929629
2920498
3414729
3216031
2853056
3440102
3481318
3517081
3936091
6760592
6122694
7306430
582796
911638
4152930
5006984
33849480
33837202
33805468
33764424
33197178
32941854
32894766
32878990
32687613
32678179
32558923
32557601
32396581
32285669
32279279
32219694
32012688
31874782
31759087
31744669
31694152
31587145
31558747
31519293
31472121
31467905
31442620
31378969
31339646
31324842
31123759
31133515
31099895
31084419
31082462
30956977
30951501
30887238
30808064
30767128
30762305
30721703
30706508
30689395
30599898
30574672
30445356
30427584
30387917
30345528
30341173
30266316
30242840
30240829
30156973
30144900
30143732
30078466
30073385
29926968
29844102
29779481
29768713
29762875
29760501
29633238
29570984
29569723
29514871
29498038
29439084
29282363
29255971
29193528
29178272
29063606
28992765
28986475
28934216
28929443
28924743
28865153
28808886
28686070
28532626
28444958
28355205
28322926
28229374
28155129
28062709
28057170
28011360
27897366
27842485
27552251
27712037
27646203
27633384
27582327
27566010
27509179
27495955
27344159
27337115
27318879
27273149
27216294
27127017
27009433
26991517
26990021
26961818
26916082
26862045
26790872
26700618
26684498
26652678
26619284
26613955
26600202
26552516
26528794
26481538
26460077
26358647
26238128
26159124
26123704
26121139
26114209
26098700
26075833
26054042
26049011
26038236
25897037
25862215
25810258
25795462
25715702
25719307
25644533
25603821
25523370
25465228
25445042
25344635
25288136
25254341
25096793
25090963
25088042
25028073
25028567
25025048
24980692
24978905
24972488
24722393
24671884
24620810
24612940
24575657
24452633
24389476
24390778
24218006
24211539
24186263
24165884
23996078
23974699
23917460
23812676
23777257
23682612
23679834
23615262
23475684
23401474
23387302
23355638
23333143
23208431
23184666
22830982
22828895
22725721
22710994
22673619
22673010
22554278
22542538
22483397
22480578
22471362
22456474
22422635
22343183
22335429
22258279
22189672
22122233
22113078
21870106
21856371
21827488
21733412
21679010
21666285
21645551
21562303
21561794
21521767
21483779
21401496
21295126
21222115
21208171
21161196
21107456
21083493
21070747
20924570
20881954
20859795
20859793
20853468
20826675
20723593
20716633
20712397
20663043
20662110
20658680
20641098
20618871
20565939
20532872
20484172
20372009
20352292
20195825
20155256
20147896
20137769
20103623
20084375
20081260
20009080
20005242
20002088
19928580
19904008
19843669
19789379
19756558
19720731
19719333
19630714
19593168
19564396
19554099
19534587
19519341
19499861
19454483
19454817
19448787
19371352
19307938
19222701
19220289
19215233
19211970
19133059
20297639
19034038
19023563
19005161
18951659
18840375
18762178
18762933
18703023
18573860
18555802
18556422
18357853
18227147
18198354
18197403
18076219
17969314
17971810
17955229
17927692
17884136
17846099
17823102
17725176
17644079
17618427
17615114
17521300
17498647
17420615
17303650
17297618
17266520
17259951
17164372
17164694
17089110
17065585
17051818
17050794
17040215
16952490
16934051
16889681
16867169
16781463
16783563
16777067
16778712
16758262
16732090
16686323
16638741
16639344
16569820
16546008
16525816
16408225
16385402
16372898
16302488
16291717
16261361
16236038
16227470
16198659
16193318
16184070
16183781
16153396
16141603
16135658
16128907
16128905
16122284
16095688
16038872
16041547
16035375
15997229
15974642
15927451
15920424
15900287
15856409
15845383
15763425
15752377
15733437
15729621
15674142
15663294
15659567
15592331
15592333
15536458
15529418
15501483
15336365
15319329
15316828
15297833
15289794
15257070
15236952
15218545
15209153
15207706
15145964
15126051
15110095
15066665
15060511
15046787
15044622
15001967
14749695
14748815
14725610
14713563
14674790
14659489
14616429
14586384
14586387
14508321
14505449
13129590
12947122
12921667
12915954
12906366
12900870
12880387
12818566
12811361
12803575
12795773
12793840
12756512
12717135
12694532
12690427
12646505
12644842
12640212
12621391
12580991
12451287
12433797
12235448
12219983
12172216
12123654
12110375
12098221
12095536
12083743
12065074
12035944
12011085
11976931
11950184
11936218
11907490
11907488
11886528
11860526
11851639
11803239
11791895
11754638
11770002
11736870
11736864
11717174
11710196
11699614
11682234
11673747
11599655
11532863
11527539
11514551
11507100
11477212
11476153
11476124
11465391
11459203
11452239
11427530
11422031
11408369
11397515
11397514
11372588
11360030
11353864
11278295
11259359
11253312
11230983
11201977
11204934
11147835
11115603
11061580
11061577
11012553
10983988
10976551
10976659
10942180
10934107
10920015
10895987
10882426
10877011
10877010
10869699
10856121
10839467
10837004
10803676
10797495
10792203
10678296
10707014
10671909
10634135
10628900
10628907
10603931
10600531
10594467
10594487
10589372
10584979
10567928
10551814
10492058
10493258
10477767
10471985
10473105
10471076
10428760
10427467
10424232
10417740
10235417
10233211
10223772
10217339
10215755
10197295
10192755
10190648
10096258
10076527
10076532
10073324
10027663
9890160
9868741
9855065
9837897
9831966
9817620
9764961
9764962
9757149
9756374
9754637
9754636
9725998
9690697
9653923
9560445
9630827
9617978
9564562
9604298
9578184
9492382
9517369
9516038
9445374
9454781
9472843
9458082
9443626
9436457
9374655
9390106
9390105
9351903
9351907
9352574
9326287
9348075
9336186
9336187
9305876
9337943
9246016
9334905
9202749
9174649
9152602
9143352
9088578
9088579
9084457
9030597
9124414
9272409
9054608
8954965
8912676
8999440
8930576
8877069
8805333
8823236
8819302
8818577
8681487
8675160
8738764
8807660
8793599
8735685
8738854
8601555
8839686
9156694
8626432
8596719
8833625
8919637
8791769
8866634
8880055
8605948
7485480
8563766
7575682
8553685
7491268
7605634
7665722
7582380
7781267
7638557
7900618
7548921
7663531
7860749
8615554
7581492
7897548
7756101
7720764
8844798
8846619
7808432
8001235
7888295
7881341
7962103
7895601
7893591
7927253
7923619
7833826
7974626
8002987
7920691
7920690
8204093
8032638
8054246
8054245
8051290
8253860
8124052
8236273
8412467
8491061
8485024
8474022
8385963
8429824
8441739
8095225
1449532
1505152
1306118
1319463
1377641
1306111
1356551
1510417
1591436
1302044
1311305
1321686
1739411
1336996
1771946
1764870
1680620
1676635
1811655
1808966
1761077
1981505
2275213
2121801
2369137
2161405
2322292
2201972
2392442
2202320
2813353
2570456
2750203
2500346
2913277
3288213
3355588
2846954
3608349
3671445
2882985
2439744
3549324
3582233
3619652
3687278
3523511
4095131
4095132
2413860
2865110
4084271
4029248
6136626
6854123
6687705
6420801
6287366
6268121
6800827
7408405
6449007
965130
11424516
11507734
20398723
14506841
16040216
16176615
19394393
14669256
16106397
11419773
19388866
12234573
21612429
9080343
17350271
15885883
16406177
20564499
16533867
20495888
9582000
10589441
9657057
17397119
20845263
12166966
18955289
17344170
16278361
17960098
34510420
34107166
33022751
32581049
32407591
34648073
34510420
34352272
34352333
34107166
34078808
34078115
34053199
33855722
33686871
33397251
33397254
33388079
33341941
33336408
33336382
33022751
32960975
32888176
32851583
32840724
32725383
32719085
32581049
32520995
32407591
32034582