30972964
25632187
19371257
18331390
18071748
17910620
17644079
17220563
17214607
15321785
11588102
9355936
8739824
8737764
7777701
3527643
11298067
14964349
8569363
1621440
8975254
27141926
5753115
8554461
351993
20148408
8135874
2686181
24252494
24101860
8721797
11933130
9748710
4681124
20662111
11196340
4611437
652841
14418281
17310430
815806
8975251
16437450
23152216
21498026
8737631
23741979
8047546
7480102
9793616
12518108
11529685
21310579
3699401
25137224
20185376
5351610
25632792
8519500
18489306
7398276
19025809
20148408
10902065
1084042
12808296
818558
6814494
2751881
3699401
3266797
6387161
8737631
34785211