23274770
33093187
30604191
30547698
31707106
30088322
24841968
29966288
32913013
31874991
30306542
31045747
30347696
21355602
34003732
29071751
31525874
25262913
25535742
27260674
32583783
29667422
23786896
26692748
25637762
30083819
31878226
24174816
17628447
23435185
21876481
24867949
16107269
15509230
29436100
16409553
20665236
9545295
33735724
28500736
20090555
23773766
22426328
32589167
14761684
31886779
16930441
19114647
9313947
30608764
12244083
10994809
17437410
15805193
12558585
3056909
10084314
26574358
25814868
35165231
34867362
34370637
33690067
33154449
33066617
32601103
31626272
31308789
29499286
23846544
21513619
20650576
34775626
34597080
