8583374
22983284
31721714
31325600
32978039
31368836
25825801
24882402
30741588
32298152
30582378
24261979
32347726
31807838
28774812
30317430
30733510
30158992
31308447
28754329
15802882
31151274
24939038
24201019
28631076
21462897
26285764
33481180
29099639
30636046
32147624
16204965
25557030
31429612
22980806
30215539
29498478
32698076
26100226
19543501
26552146
22969825
28813533
30594244
24824478
29357733
26068524
21351298
23396419
33312341
24670676
23148031
32158189
30287522
34183756
33287126
16476124
20350051
25189890
30348944
25202272
28627473
18778682
22792804
19173278
29971002
29908072
30668338
21800547
26750984
28668488
29433959
30724689
25614104
25600891
31911178
21818843
22543233
23462213
33439252
25094029
24254844
19952421
27693954
28165501
29997360
12767692
9464470
29891024
28745128
29150398
28115129
16210916
17220245
26153439
31278631
27815731
22741471
23457494
27507204
19571434
23707333
10442216
31884095
20045984
9790908
22983284
22543032
24486211
23189719
17551811
26965985
16952351
9140223
28630457
31182998
31120605
23519262
23065713
27238153
21351573
26634613
25110319
21355220
21796703
17982673
34072092
12019199
20045987
21210738
24497736
26987268
23069764
33924458
23835906
29929431
28775294
25951662
20393696
18451504
29926584
12794307
18362159
19915794
10530767
12207646
17434990
12064912
20597806
21691759
25948710
19831503
17107662
26134484
10969720
19065667
10557230
19149264
18761400
27747446
27919190
25450236
34302803
20642450
12220964
18462715
27686831
12584850
22508486
32292023
23506993
27051341
12943171
14617078
22117525
25660335
27220746
16797510
17030102
34386321
34601070
23975867
25871879
11922733
30428619
23165347
19735171
23265493
27785943
15809082
21110398
34233566
16459097
8505019
22982774
12721381
27152350
24123597
25017733
19252289
9708921
8589765
20647377
23843229
17213730
26297122
29452068
16332809
10192774
18555495
10540749
19726295
26805419
30160312
10079512
19559778
26003723
22796279
24941800
19083468
9568287
8070385
29380109
28301718
18462716
15635178
11773526
10821120
20132953
23923606
19098391
19084577
16773639
2433549
10635120
2541725
12969435
12921627
11584810
11798659
9635141
1513071
2251786
10972957
10474021
3014078
11036340
9772691
9459201
8413772
6099454
18047011
33824106
34662257
33404688
30424926
10950855
10445386
9849639
10408227
10548450
9645391
9845924
10456689
18628584
6357769
12566654