29857089
25028567
20014183
16432272
16221754
15666173
15536458
12885100
33706132
33587330
32719085
32344919
31615114
29706079
29254285
29241692
28791405
28457856
27557939
26595166
26438626
26070840
25705905
25623616
25028567
25008344
24730468
24392691
23801821
23674377
23673225
23674609
23394826
23260576
22855269
22588833
22257149
22139684
21632963
21385154
21328458
21170698
21049395
20939821
20828605
20666626
20460823
19934397
19815591
19041708
18214849
17968815
17670841
17611934
17464157
17305535
16983620
16877262
16432272
16289744
16278402
16221754
15536458
15508430
15266218
15072439
12410543
12160480
11377378
11038151
10895987
