21844260
18637764
18319359
17050802
15974642
15582012
15238367
12817527
12695337
12235448
11140327
25756365
23760126
22864326
15385077
12711887
12020172
11206893
10531760
8705908
3209715
3597812
34930332
34799220
34549583
34028092
33000213
32810615
32719085
32662640
32251615
32201301
32058643
32023909
31793297
31578207
31453781
31048189
30978651
30525897
30486542
30327544
30078466
29455730
29024717
28965396
28754329
28705808
28707966
28679380
28231742
28043879
27867186
27864798
27619505
27614967
27495955
27462006
26845774
26824187
26223121
25705905
25600494
25297453
25242515
25142999
24922060
24632066
24392691
24387348
24358789
24151189
23776647
23674609
23600156
23394826
23340957
23306165
23165347
23092794
22855269
22736593
22588833
22584255
22426160
22292789
22269065
22257149
21919844
21646440
21632963
21385154
21293466
21240677
21184395
21178302
20939821
20666626
20460823
20399767
20332334
20099200
19719333
19557931
19353999
19336893
19093375
19060914
19022240
18628990
18367983
17917277
17611934
16729968
16547074
16491447
16415120
15974642
15898829
15647404
15359132
15266218
15197212
15133536
14499026
12817527
12695340
12695337
12677527
12661769
12473381
12235448
12160480
12020680
11901090
11199127
11173062
10574228
9168157
