15207228
12639172
12452752
11421567
9399621
8918638
27983686
27080067
26251920
25810408
21883496
19251923
17845252
15309425
12817527
9774365
9062860
7956996
2920504
35073946
34571971
33450678
33300795
32929449
32824087
32786546
32719085
31820026
31408695
31292876
31262454
30920571
30883634
30767231
30610857
30203535
30053282
30014295
29984664
29939292
29608108
29601521
29327292
29154189
29101532
28706438
28644496
28300141
28259659
28095752
28025072
27977298
27705794
27440109
27322965
27211268
27048380
27033456
26703673
26385990
26296158
25781341
25482884
25344067
25319728
25077358
25011215
24697705
24699854
24685904
24573253
24478031
24476214
24297371
24295672
24200780
24029851
24018688
23871935
23370448
23344026
23144813
23083838
22842481
22654110
22588833
22581840
22542538
22146138
21666065
21591741
21049395
20607366
20526668
20460823
20155619
20045417
19945846
19910524
19886390
19883429
19875054
19458107
19356625
19190233
19123435
19022961
18632754
18585705
18570158
18543926
18497090
18430559
18204840
18189424
17999603
17827443
17343982
16490810
16415120
16363067
16289744
16132860
16051636
15997229
15753073
15554233
15351776
14596646
12908908
12860261
12851793
12817527
12809364
12756512
12435590
12270218
11532308
11435884
11134544
10868951
10837012
10759869
10681374
10652098
10460064
10397283
9804957
9725998
9623777
9622078
8701967
7585636
8392369
1325684
2647147
3223959
2455328
3304999
3972834
