29857089
28667541
28104136
31231918
22725836
9619120
34620272
34600893
34065600
33800000
33733472
33677011
32961574
32719085
31628941
31533365
31450166
31059026
30778922
30551030
30334318
30276838
29241692
29242172
28904007
28734960
27908756
27039889
26794747
26672753
26609559
26511469
26393568
26102194
25891083
25893199
25632754
25594233
24608794
24510399
24229684
23881281
23848206
23829533
23132777
23064285
23023936
22822540
22725836
22483553
22300367
22181075
22179005
21527728
20977462
20521597
20484172
20403165
20148399
19967559
19886674
19879740
19715674
19653644
19275711
18619958
18385293
17433521
17270371
17178710
16928820
16819192
16458258
16397849
16081279
16021489
15649425
15476675
15280357
15090070
12841947
12235173
12105223
8510458
10780880
11105995
20821002
7898128
1618892
15673996
12676044
1496714
11712783
9436613
8819298
7390600
9704820
2353930
12497104
17214610
16987575
2209081
2960490
6993103
7409877
9062750
18324353
10902065
726520
17117790
11815407
10762434
18798984
11363190
6759931
8844727
9782784
11795474
15810156
19803548
16327153
1943180
16286372
15863912
2435036
16112857
22982056
12151348
11231886
12022761
16504000
10889462
3623345
3526291
12616304
15713005
12368225
8520105
1579064
9378362
11485087
2345457
10559523
9733605
7757981
10102956
12495265
7423534
7342372
7845373
9651124
7621448
20471457
20345353
28145344
11857414
11448902
17569224
7553612
11745031
1291482
1394115
2515397
8720307
9120760
17044766
9563850
2699615
7651374
7432370
696348
17134862
17022948
12413724
8887459
